.Random.seed <-
c(403L, 10L, 703267021L, 148142180L, 1780766282L, 1863902133L, 
1613856527L, 621214742L, 829310656L, 165453955L, 1921621153L, 
1911075472L, 1337340270L, 1104588569L, 397960107L, 1382109594L, 
644703580L, -1934517153L, -809622475L, -1259380788L, 741317410L, 
1310074237L, 1151018615L, -720912482L, -1070653864L, 721762235L, 
-202090151L, -344272152L, -779564266L, 556719249L, -919342781L, 
376921170L, -467067164L, -1521333977L, -727012995L, 354738292L, 
824279642L, 1619922597L, -687768385L, -149274810L, 1453669840L, 
-1451376653L, 507619089L, 1876256576L, 288296734L, 753934313L, 
-298830565L, -1382265046L, -2408372L, -1532966897L, 489243461L, 
-1471126276L, 112161618L, -29416243L, -1599044473L, 1918500718L, 
1624854856L, -906734261L, -1173931863L, -1063515656L, -2096965338L, 
-1352807871L, 1801724883L, 252309890L, 1186452916L, 1979154743L, 
692085805L, 2075832644L, 1618642538L, -1259974443L, 1372733039L, 
-1462928522L, -512160608L, 465233251L, -100243967L, -673520272L, 
-1322863346L, 687388537L, 1247414027L, 1779198010L, 1337587516L, 
-1085590401L, 1955899349L, 414894572L, 347892546L, 458273949L, 
2074979607L, -608525186L, -825107400L, 2135276315L, 1617686649L, 
307280072L, -1514237706L, 265023793L, -739944093L, -1184650446L, 
1612326020L, 1776967879L, -368936035L, 2058141460L, 1640199610L, 
-219098107L, -1388131873L, 944163942L, -394179600L, -51604205L, 
-805885263L, 1829799264L, -747177218L, -2066590071L, -11345477L, 
508377994L, 1733706348L, 2040859631L, -704785371L, -1044943652L, 
-820247886L, -1130695251L, 558950759L, -341424498L, -1273417880L, 
-1067092117L, -1687293687L, 1236617112L, -937075002L, -60126175L, 
-31610701L, 567038498L, 2094859284L, -390834025L, -67585395L, 
-1001407580L, -679713398L, 352788981L, -385950641L, -1627923626L, 
1071673856L, -1682863293L, 190745313L, 1724315728L, -432138066L, 
141212761L, -1118081941L, 1862066650L, -1596249444L, 493225119L, 
-908994827L, 556993420L, 700787298L, -1161368003L, -1332932425L, 
-1961193634L, -1997630824L, 954524155L, 753384345L, 1579656232L, 
802960598L, -1836826287L, -1826136061L, -819009646L, -2073631452L, 
-732337177L, 1943081021L, 1998732980L, 1622283546L, 1372706405L, 
-2078885121L, -304185466L, -912289520L, -1130151501L, 1879292497L, 
-1228584448L, -1449425186L, -519353047L, 1038135515L, -481441814L, 
551495564L, 827988175L, -1173825403L, 219048764L, 624570898L, 
1373677837L, -612412857L, -1050367954L, -753861240L, 1440720011L, 
971595369L, 1113989688L, 1817055974L, -1776898431L, -1914170861L, 
-535652926L, -1241178508L, -186519433L, -2141081235L, -2045262332L, 
-2002463446L, -1375128939L, -1919542993L, -1793745866L, 1800779872L, 
1787170467L, 329533889L, 1332286896L, 787225806L, 1914870329L, 
-2147230645L, -1538228742L, -204539652L, 923663679L, -1488104939L, 
911817004L, 237976066L, -1826637603L, 958782423L, 413468350L, 
-493494024L, 1227538139L, 1965729081L, 439226504L, 121309238L, 
-654070671L, -476457309L, -1527686158L, -1609515196L, -1158074361L, 
-1678021155L, -168535340L, 680027642L, 2030587962L, -1278760848L, 
1048972860L, -1427863788L, 325479106L, -1565879584L, 907658364L, 
-540594992L, 999195554L, -559284696L, 2025967884L, -115624004L, 
1793638706L, -1627055936L, 991457844L, 1977952968L, -1812655430L, 
1567169680L, 1953871596L, -1790527916L, 2059794066L, 526575392L, 
-1944152116L, -482989856L, -137519422L, 1802556456L, -251511892L, 
-166700356L, -1877663246L, -1574898128L, -1603758172L, 971624888L, 
-2056672422L, -1371020144L, 226515836L, -415142124L, -904745662L, 
1922338560L, 1934293948L, 619999056L, 1136439586L, -987526584L, 
2053347340L, -1830138788L, -853069358L, 1038284288L, -1540902572L, 
1330327784L, 1338863866L, 1514534608L, 581019948L, 1548536052L, 
-489218670L, -478025376L, 780593164L, 1219439328L, -1239567774L, 
1284295336L, -1795126708L, 668358524L, 1982242098L, -956037520L, 
733158212L, -1229662248L, 1726492538L, -1034109392L, 518797244L, 
1516545620L, 1417254978L, 1507102880L, -201855300L, -1028642352L, 
-1531067550L, 131998440L, -1451814708L, -176254468L, 1886484978L, 
-1169913216L, 1890538996L, 1752106632L, 1794928442L, -1262587056L, 
1966257260L, -38532716L, 1094505554L, 1079609824L, -1539629876L, 
-319689568L, 2013402498L, -1741823768L, -553738516L, -1746936516L, 
-1487430542L, 743551088L, 1364576292L, -2008658888L, -102934758L, 
-2010870576L, 2121242428L, 746608532L, -462922878L, -1280536128L, 
-71197124L, 1853273488L, -906369502L, -1832354552L, -498731380L, 
1412310812L, -1756827502L, -945661568L, 897084948L, -216133848L, 
-824630726L, 1267234256L, -300271252L, 1534358452L, 616077330L, 
150224352L, -1767403572L, 2015310048L, -1919014878L, -859119320L, 
-438993396L, 1054654268L, -1776333838L, -1411405072L, 1263789636L, 
277193304L, -1236590790L, 1622930928L, -328462660L, -1061025516L, 
-1587393854L, 996793440L, 470930300L, 1838458832L, 2140930338L, 
-1821664600L, -1734159476L, -1268553540L, -449456334L, -1669539264L, 
-1233869644L, -426087864L, -2102039110L, -2142782960L, 1634065132L, 
1718323540L, -101347054L, 665324960L, -1540764980L, -1298289056L, 
2003034050L, -514265304L, 241352620L, 1973949244L, -694650510L, 
837110576L, -1739893468L, 533998392L, 564176602L, -1402290288L, 
1633640188L, -1424026732L, -1424291774L, 1713272064L, -15543236L, 
1164202320L, 27351202L, 136636744L, -157194484L, 1500742364L, 
1096142162L, 1752894592L, 1692000340L, -1321642008L, -310591238L, 
-1850487984L, 1907412780L, -141629068L, -1422722158L, 1372178528L, 
-1495263860L, -647828640L, 1712249314L, -1900409944L, 1276730572L, 
1813358588L, -275024462L, 1666452976L, -945992764L, 619695448L, 
-1660628614L, 255421360L, -1278520900L, 1906264148L, -1440743486L, 
487184416L, 1504344252L, -403037616L, 987732962L, -2053658520L, 
693455948L, -1009501956L, -864449550L, 830302464L, -196009612L, 
-57650168L, -355311686L, -420523568L, 1491033068L, 1064470932L, 
1381380562L, -1726738080L, -1011699892L, -1961297632L, 1992550274L, 
-3256600L, 1314742508L, 589567036L, -1154344078L, 1965131376L, 
-1607832540L, 482779960L, -735982438L, 24521424L, 743141564L, 
-1382909973L, -1797612691L, -426124838L, -573467752L, -1233761791L, 
-843854925L, -1254503724L, -1660732446L, -1579143561L, -1679771711L, 
-1617730234L, -1107463036L, -1811129803L, -1120632289L, -1553623688L, 
1108882518L, 1142958307L, 1822318245L, -18042046L, -770688720L, 
-147742375L, 1379365579L, 1225186108L, -1314786454L, 1536156063L, 
595892265L, 2004312766L, -1332644948L, 1687036157L, -1824682937L, 
925514544L, 1761225806L, 851230843L, -1986759715L, -1360725494L, 
-262656216L, 346907025L, 164886403L, -73438076L, 368270002L, 
-858743289L, -1349657007L, -1197689386L, -2018654028L, 1690481861L, 
311768591L, 1788579464L, 2056651686L, -942748845L, 1520846005L, 
-1017060846L, 1797681120L, 1244160585L, -2072418181L, -1775855284L, 
1329106138L, 1091439823L, 1431578777L, 1414702254L, 1593901500L, 
-1514792403L, -377623081L, -419724256L, -1623529090L, -1050933429L, 
-337269427L, -448105606L, 1190979000L, -398690463L, 889634579L, 
714086196L, -878803646L, 1476454743L, 32199841L, 375770470L, 
-45052060L, -1435631979L, -805701697L, -1929405608L, 215193974L, 
-320939133L, -1342486075L, -121340190L, -872702128L, -955004295L, 
1707576747L, 390042396L, -421518262L, -514760641L, -272076663L, 
1014801566L, -1770618548L, 1956616477L, 929711271L, -954891312L, 
-451175570L, 1337928219L, -84071555L, -1977931414L, 723404808L, 
1035391153L, -1154879709L, 1005718564L, 965791442L, 1139039015L, 
-173879951L, 1351824310L, 1999157076L, 2141024741L, -588477457L, 
-582091992L, -1646695546L, 765978547L, 1102032661L, 903461234L, 
629484992L, -96948695L, 1994793627L, 808995692L, 1772974970L, 
677276847L, -1720928327L, 1676960206L, 1069516060L, 1872679053L, 
-1687143177L, -283432960L, 1093364318L, 1046992171L, 804955693L, 
688643738L, -824911272L, 2082796993L, 38058611L, -125446252L, 
1380845090L, -1196799689L, -1330538495L, 1274402054L, -1788890812L, 
855196789L, -267688481L, 524456248L, -1296831722L, 428966691L, 
